%% colormaps
function [VzCmap,VzCmapDn, VzCmapUp, pdiCmapUp, PhtmCmap]=Colormaps_fUS
% h=gca; custColormap=colormap(h);
VzCmap=[0    1.0000    1.0000
         0    0.9773    1.0000
         0    0.9546    1.0000
         0    0.9318    1.0000
         0    0.9091    1.0000
         0    0.8864    1.0000
         0    0.8636    1.0000
         0    0.8409    1.0000
         0    0.8182    1.0000
         0    0.7598    1.0000
         0    0.7013    1.0000
         0    0.6429    1.0000
         0    0.5844    1.0000
         0    0.5260    1.0000
         0    0.4675    1.0000
         0    0.4091    1.0000
         0    0.3507    1.0000
         0    0.2922    1.0000
         0    0.2338    1.0000
         0    0.1753    1.0000
         0    0.1169    1.0000
         0    0.0584    1.0000
         0         0    1.0000
         0         0    0.9167
         0         0    0.8333
         0         0    0.7500
         0         0    0.6667
         0         0    0.5833
         0         0    0.5000
         0         0    0.3125
         0         0    0.1250
         0         0    0.0625
         0         0         0
    0.0375         0         0
    0.0750         0         0
    0.1875         0         0
    0.3000         0         0
    0.4167         0         0
    0.5333         0         0
    0.6500         0         0
    0.7667         0         0
    0.8833         0         0
    1.0000         0         0
    1.0000    0.0623         0
    1.0000    0.1245         0
    1.0000    0.1868         0
    1.0000    0.2491         0
    1.0000    0.3113         0
    1.0000    0.3736         0
    1.0000    0.4359         0
    1.0000    0.4982         0
    1.0000    0.5604         0
    1.0000    0.6227         0
    1.0000    0.6850         0
    1.0000    0.7472         0
    1.0000    0.8095         0
    1.0000    0.8333         0
    1.0000    0.8571         0
    1.0000    0.8809         0
    1.0000    0.9047         0
    1.0000    0.9286         0
    1.0000    0.9524         0
    1.0000    0.9762         0
    1.0000    1.0000         0];

% down flow, vz cmap
VzCmapDn=[0         0         0
    0.0500         0         0
    0.1000         0         0
    0.1500         0         0
    0.2000         0         0
    0.2500         0         0
    0.3000         0         0
    0.3412         0         0
    0.3824         0         0
    0.4235         0         0
    0.4647         0         0
    0.5059         0         0
    0.5471         0         0
    0.5882         0         0
    0.6294         0         0
    0.6706         0         0
    0.7118         0         0
    0.7529         0         0
    0.7941         0         0
    0.8353         0         0
    0.8765         0         0
    0.9176         0         0
    0.9588         0         0
    1.0000         0         0
    1.0000    0.0352         0
    1.0000    0.0704         0
    1.0000    0.1056         0
    1.0000    0.1408         0
    1.0000    0.1760         0
    1.0000    0.2112         0
    1.0000    0.2464         0
    1.0000    0.2816         0
    1.0000    0.3168         0
    1.0000    0.3520         0
    1.0000    0.3872         0
    1.0000    0.4223         0
    1.0000    0.4575         0
    1.0000    0.4927         0
    1.0000    0.5279         0
    1.0000    0.5631         0
    1.0000    0.5983         0
    1.0000    0.6335         0
    1.0000    0.6687         0
    1.0000    0.7039         0
    1.0000    0.7391         0
    1.0000    0.7743         0
    1.0000    0.8095         0
    1.0000    0.8207         0
    1.0000    0.8319         0
    1.0000    0.8431         0
    1.0000    0.8543         0
    1.0000    0.8655         0
    1.0000    0.8767         0
    1.0000    0.8879         0
    1.0000    0.8991         0
    1.0000    0.9104         0
    1.0000    0.9216         0
    1.0000    0.9328         0
    1.0000    0.9440         0
    1.0000    0.9552         0
    1.0000    0.9664         0
    1.0000    0.9776         0
    1.0000    0.9888         0
    1.0000    1.0000         0];

% up flow, vz cmap
VzCmapUp=[0    1.0000    1.0000
         0    0.9904    1.0000
         0    0.9809    1.0000
         0    0.9713    1.0000
         0    0.9617    1.0000
         0    0.9522    1.0000
         0    0.9426    1.0000
         0    0.9330    1.0000
         0    0.9235    1.0000
         0    0.9139    1.0000
         0    0.9043    1.0000
         0    0.8947    1.0000
         0    0.8852    1.0000
         0    0.8756    1.0000
         0    0.8660    1.0000
         0    0.8565    1.0000
         0    0.8469    1.0000
         0    0.8373    1.0000
         0    0.8278    1.0000
         0    0.8182    1.0000
         0    0.7826    1.0000
         0    0.7471    1.0000
         0    0.7115    1.0000
         0    0.6759    1.0000
         0    0.6403    1.0000
         0    0.6048    1.0000
         0    0.5692    1.0000
         0    0.5336    1.0000
         0    0.4980    1.0000
         0    0.4625    1.0000
         0    0.4269    1.0000
         0    0.3913    1.0000
         0    0.3557    1.0000
         0    0.3202    1.0000
         0    0.2846    1.0000
         0    0.2490    1.0000
         0    0.2134    1.0000
         0    0.1779    1.0000
         0    0.1423    1.0000
         0    0.1067    1.0000
         0    0.0711    1.0000
         0    0.0356    1.0000
         0         0    1.0000
         0         0    0.9615
         0         0    0.9231
         0         0    0.8846
         0         0    0.8462
         0         0    0.8077
         0         0    0.7692
         0         0    0.7308
         0         0    0.6923
         0         0    0.6538
         0         0    0.6154
         0         0    0.5769
         0         0    0.5385
         0         0    0.5000
         0         0    0.4375
         0         0    0.3750
         0         0    0.3125
         0         0    0.2500
         0         0    0.1875
         0         0    0.1250
         0         0    0.0625
         0         0         0];
     
