%% g1 colormap
function [GGcmp]=g1Colormap
% h=gca; custColormap=colormap(h);
GGcmp=[0         0    0.5625
         0         0    0.5716
         0         0    0.5807
         0         0    0.5898
         0         0    0.5990
         0         0    0.6081
         0         0    0.6172
         0         0    0.6263
         0         0    0.6354
         0         0    0.6445
         0         0    0.6536
         0         0    0.6628
         0         0    0.6719
         0         0    0.6810
         0         0    0.6901
         0         0    0.6992
         0         0    0.7083
         0         0    0.7174
         0         0    0.7266
         0         0    0.7357
         0         0    0.7448
         0         0    0.7539
         0         0    0.7630
         0         0    0.7721
         0         0    0.7813
         0    0.0526    0.7928
         0    0.1053    0.8043
         0    0.1579    0.8158
         0    0.2105    0.8273
         0    0.2632    0.8388
         0    0.3158    0.8503
         0    0.3684    0.8618
         0    0.4211    0.8734
         0    0.4737    0.8849
         0    0.5263    0.8964
         0    0.5789    0.9079
         0    0.6316    0.9194
         0    0.6842    0.9309
         0    0.7368    0.9424
         0    0.7895    0.9539
         0    0.8421    0.9655
         0    0.8947    0.9770
         0    0.9474    0.9885
         0    1.0000    1.0000
    0.0588    0.9412    0.9412
    0.1176    0.8824    0.8824
    0.1765    0.8235    0.8235
    0.2353    0.7647    0.7647
    0.2941    0.7059    0.7059
    0.3529    0.6471    0.6471
    0.4118    0.5882    0.5882
    0.4706    0.5294    0.5294
    0.5294    0.4706    0.4706
    0.5882    0.4118    0.4118
    0.6471    0.3529    0.3529
    0.7059    0.2941    0.2941
    0.7647    0.2353    0.2353
    0.8235    0.1765    0.1765
    0.8824    0.1176    0.1176
    0.9412    0.0588    0.0588
    1.0000         0         0
    0.8333         0         0
    0.6667         0         0
    0.5000         0         0];